24
5
66
40
97
27
59
55
22
4
71
3
69
92
35
88
12
25
82
73
43
34
87
98
53
10
1
14
18
8
44
80
52
69
92
15
75
40
62
7
63
16
57
42
31
30
54
91
30
77
93
61
21
83
2
74
44
27
90
28
23
61
65
50
81
60
37
36
9
73
62
23
10
49
57
8
70
13
26
34
51
98
1
60
16
95
59
47
45
97
93
2
89
41
33
36
99
46
100
39
96
82
12
66
42
25
65
58
87
76
79
83
51
29
90
85
38
48
49
96
79
5
75
21
32
41
9
19
29
6
81
80
74
22
67
72
53
99
14
50
56
84
78
20
11
33
67
32
86
58
3
43
55
15
17
48
56
72
17
54
64
63
86
45
6
88
18
39
78
71
38
94
47
37
84
19
70
7
68
11
94
77
20
31
4
76
100
91
89
95
68
24
26
64
52
35
28
13
85
46
