189.90412400000014
191.09820499999992
196.095103
188.15452700000012
190.60149999999993
191.50286799999986
192.93384199999997
193.20053999999993
187.10042699999943
189.987015
190.72963699999994
188.36204999999987
190.6106679999997
190.95179099999953
192.68257999999986
189.79843400000033
182.86617399999994
190.56245300000012
190.880712
186.46659799999978
191.68709999999956
182.5718300000003
183.80748799999992
190.07781499999982
187.43986800000005
187.87346700000037
187.616125
186.27509200000006
190.01980500000016
184.29250500000026
187.82196500000032
187.51106300000004
185.4520089999999
187.5946750000001
192.13399900000005
193.445351
190.13932999999994
184.40638300000015
187.8042290000001
192.5975910000004
194.4547509999999
192.0683909999996
188.6181419999999
189.61569599999993
191.0764000000002
186.6592320000002
195.17874800000035
187.91322799999983
190.1878669999996
190.3505900000001
193.02631899999997
188.83009200000012
185.31182899999962
188.36848200000023
190.30646400000003
188.54168499999994
188.02672799999993
188.60743899999983
191.49536799999998
183.589034
194.205889
188.47690499999993
186.4531289999999
184.21373499999984
191.05598600000033
185.6716679999999
186.90051699999995
190.71810600000038
188.41133599999995
186.3659720000003
189.11033899999984
184.30884699999996
192.5490390000001
182.53065200000003
191.74137599999972
187.1897129999999
183.68010899999965
193.02581099999998
190.99077799999984
190.3654360000004
192.51584500000007
186.34256599999972
191.376668
186.40865900000023
189.83227699999983
189.1016379999998
192.44078199999998
189.8780339999999
187.09950900000007
190.31386499999974
188.21274499999967
187.25717200000017
188.20727499999998
191.8835590000002
193.7965789999995
192.04530900000032
188.89267899999984
189.82761300000038
188.66387299999994
187.36423900000003
